Year,"Enrolment in primary education, female (number)","Teachers in primary education, female (number)"
1971,5251.0,207.0
1972,5395.0,183.0
1973,6070.0,261.0
1974,6606.0,
1975,7424.0,
1976,8169.0,
1977,8235.0,286.0
1978,8931.0,332.0
1979,10481.0,413.0
1980,12474.0,460.0
1981,16250.0,
1982,18680.0,
1983,21058.0,778.0
1984,24180.0,826.0
1985,26382.0,897.0
1986,28059.0,1078.0
1987,28903.0,
1989,28540.0,833.0
1992,36870.0,880.0
1993,40314.0,995.0
1994,44372.0,979.0
1995,48271.0,1045.0
1996,54343.0,1194.0
1997,59086.0,1262.0
1998,63748.0,1255.0
1999,77910.0,1485.0
2000,81056.0,1496.0
2001,86009.0,1510.0
2002,86373.0,1543.0
2003,96549.0,1586.0
2004,102143.0,1710.0
2005,103520.0,1883.0
2006,105380.0,1864.0
2007,111122.0,2006.0
2008,113014.0,2146.0
2009,113594.0,
2010,115160.0,1745.0
2011,115523.0,1739.0
2012,123765.0,2184.0
2013,129727.0,2086.0
2014,140057.0,2085.0
2015,150320.0,2614.0
2016,158636.0,
2017,170065.0,3039.0
2018,181513.0,3443.0
2019,195302.0,3656.0
